{
  "cells": [
    {
      "cell_type": "markdown",
      "metadata": {
        "id": "X0VorsLtdlec"
      },
      "source": [
        "- Objective: implement and compare different financial optimization models.\n",
        "- Assumption : \n",
        "    - portfolio_1 : Mean-variance optimization \n",
        "    - portfolio_2_1: Robust mean-variance optimization with confidence level 90 %\n",
        "    - portfolio 2_2:Robust mean-variance optimization with confidence level 95 % \n",
        "    - portfolio_3 : Risk Parity optimization with no short selling\n",
        "    - portfolio_4 : Market (conside the 20 stocks as the market)"
      ]
    },
    {
      "cell_type": "code",
      "execution_count": 1,
      "metadata": {
        "colab": {
          "base_uri": "https://localhost:8080/"
        },
        "id": "b8J8Zqb6dlep",
        "outputId": "eaa18812-25df-4679-8647-8e2c5ecd9c1a"
      },
      "outputs": [
        {
          "output_type": "stream",
          "name": "stdout",
          "text": [
            "Looking in indexes: https://pypi.org/simple, https://us-python.pkg.dev/colab-wheels/public/simple/\n",
            "Requirement already satisfied: cvxpy in /usr/local/lib/python3.10/dist-packages (1.3.1)\n",
            "Requirement already satisfied: osqp>=0.4.1 in /usr/local/lib/python3.10/dist-packages (from cvxpy) (0.6.2.post8)\n",
            "Requirement already satisfied: ecos>=2 in /usr/local/lib/python3.10/dist-packages (from cvxpy) (2.0.12)\n",
            "Requirement already satisfied: scs>=1.1.6 in /usr/local/lib/python3.10/dist-packages (from cvxpy) (3.2.3)\n",
            "Requirement already satisfied: numpy>=1.15 in /usr/local/lib/python3.10/dist-packages (from cvxpy) (1.22.4)\n",
            "Requirement already satisfied: scipy>=1.1.0 in /usr/local/lib/python3.10/dist-packages (from cvxpy) (1.10.1)\n",
            "Requirement already satisfied: setuptools>65.5.1 in /usr/local/lib/python3.10/dist-packages (from cvxpy) (67.7.2)\n",
            "Requirement already satisfied: qdldl in /usr/local/lib/python3.10/dist-packages (from osqp>=0.4.1->cvxpy) (0.1.7)\n"
          ]
        }
      ],
      "source": [
        "# import Libraries\n",
        "import yfinance as yf\n",
        "import pandas as pd\n",
        "import numpy as np\n",
        "import matplotlib.pyplot as plt\n",
        "! pip install cvxpy\n",
        "import cvxpy as cp\n",
        "from scipy.optimize import minimize\n",
        "import seaborn as sns\n",
        "import warnings\n",
        "warnings.simplefilter(\"ignore\")"
      ]
    },
    {
      "cell_type": "code",
      "execution_count": 2,
      "metadata": {
        "id": "uqrEQ4wwdlev"
      },
      "outputs": [],
      "source": [
        "# import data, define tickers for assets and risk free rate.\n",
        "tickers = [\"F\", \"CAT\", \"DIS\",\"MCD\",\"KO\",\"PEP\",\"WMT\",\"C\",\"WFC\",\"JPM\",\"AAPL\",\"IBM\",\"PFE\",\"JNJ\",\"XOM\",\n",
        "           \"MRO\",\"ED\",\"T\",\"VZ\",\"NEM\"]\n",
        "riskfreerate_tickers = \"^TYX\""
      ]
    },
    {
      "cell_type": "code",
      "execution_count": 3,
      "metadata": {
        "id": "DaP907uHdlew"
      },
      "outputs": [],
      "source": [
        "# define a function to download the data \n",
        "def data (ticker,start_date,end_date): \n",
        "    data = yf.download(tickers, start=start_date, end=end_date, progress=False)\n",
        "    monthly_data = data[\"Adj Close\"].resample(\"M\").last()\n",
        "    monthly_returns = (monthly_data.pct_change()*100).dropna()\n",
        "    mu = monthly_returns.mean()\n",
        "    std = monthly_returns.std()\n",
        "    Q = monthly_returns.cov()\n",
        "    correlation = np.corrcoef(monthly_returns, rowvar=False)\n",
        "    return mu,std,Q ,monthly_returns,correlation   "
      ]
    },
    {
      "cell_type": "code",
      "execution_count": 4,
      "metadata": {
        "id": "zxmwpXewdley"
      },
      "outputs": [],
      "source": [
        "def risk_free_rate (riskfreerate_tickers,start_date,end_date):\n",
        "    risk_free_rate = yf.download(riskfreerate_tickers, start=start_date, end=end_date, progress=False)\n",
        "    riskFreeRate = risk_free_rate[\"Adj Close\"].resample(\"M\").last()\n",
        "    riskFreeRate = (riskFreeRate.pct_change()*100).dropna()\n",
        "    mu_rfr = riskFreeRate.mean()\n",
        "    return mu_rfr"
      ]
    },
    {
      "cell_type": "markdown",
      "metadata": {
        "id": "7QCGJUBsdle0"
      },
      "source": [
        "### Financail Models"
      ]
    },
    {
      "cell_type": "markdown",
      "metadata": {
        "id": "PSIMIUZIdle2"
      },
      "source": [
        "#### (1) Mean-variance optimization (MVO)\n"
      ]
    },
    {
      "cell_type": "markdown",
      "metadata": {
        "id": "Kskb5Zerdle3"
      },
      "source": [
        "\\begin{equation}\n",
        "\\begin{array}{rl}\n",
        "\\displaystyle \\max_{x} & \\mu^Tx - λx^TQx \\\\\n",
        "{\\rm s.t.} & \\ 1^Tx = 1\\\\\n",
        "\\end{array}\n",
        "\\end{equation}"
      ]
    },
    {
      "cell_type": "code",
      "execution_count": 14,
      "metadata": {
        "id": "BkK_nylddle6"
      },
      "outputs": [],
      "source": [
        "def MVOM(mu, lambda_val, Q):\n",
        "    n = len(mu)\n",
        "\n",
        "    # Define the objective function and change the max to min \n",
        "    def objective(x, mu, Q, lambda_val):\n",
        "        return -np.dot(mu, x) + lambda_val * np.dot(x.T, np.dot(Q, x))\n",
        "\n",
        "    \n",
        "    def constraint(x):\n",
        "        return np.sum(x) - 1\n",
        "\n",
        "    \n",
        "    \n",
        "    x0 = np.ones(n) / n \n",
        "\n",
        "    # Define the bounds for x variables, showt selling is allowed\n",
        "    bounds = [(-np.inf, np.inf)] * n\n",
        "\n",
        "    \n",
        "    constraints = [{'type': 'eq', 'fun': constraint}]\n",
        "\n",
        "    \n",
        "    result = minimize(objective, x0, args=(mu, Q, lambda_val), method='SLSQP', constraints=constraints, bounds=bounds)\n",
        "    x_optimal = result.x\n",
        "\n",
        "    return np.round(x_optimal, decimals=5)"
      ]
    },
    {
      "cell_type": "markdown",
      "metadata": {
        "id": "bSxYmcbidle9"
      },
      "source": [
        "#### (2) Robust mean-variance optimization "
      ]
    },
    {
      "cell_type": "markdown",
      "metadata": {
        "id": "ZBIfVT1Bdle_"
      },
      "source": [
        "\\begin{equation}\n",
        "\\begin{array}{rl}\n",
        "\\displaystyle \\max_{x,y} & \\mu^Tx - λx^TQx - a^Ty \\\\\n",
        "{\\rm s.t.} & \\ 1^Tx = 1\\\\\n",
        "& y \\geq x\\\\\n",
        "& y \\geq -x\\\\\n",
        "\\end{array}\n",
        "\\end{equation}"
      ]
    },
    {
      "cell_type": "code",
      "execution_count": 15,
      "metadata": {
        "id": "vrM9Y7oBdlfA"
      },
      "outputs": [],
      "source": [
        "def RMVOM (mu, Q, lambda_val, a): \n",
        "\n",
        "    def objective(x, y, mu, Q, lambda_val, a):\n",
        "        return -(np.dot(mu, x) - lambda_val * np.dot(np.dot(x, Q), x) - np.dot(a, y))\n",
        "\n",
        "    def constraint1(x):\n",
        "        return np.sum(x) - 1\n",
        "\n",
        "    def constraint2(x, y):\n",
        "        return y - x\n",
        "\n",
        "    def constraint3(x, y):\n",
        "        return y + x\n",
        "\n",
        "# Define the initial guess for x and y, the initial guess is random numbers. \n",
        "    n = 20  # number of assets\n",
        "    np.random.seed(123)\n",
        "    x0 =np.random.random(n)\n",
        "    y0 = np.random.random(n)\n",
        "\n",
        "# short selling is allowed\n",
        "    bounds = [(-np.inf, np.inf)] * n\n",
        "\n",
        "\n",
        "    constraints = [{'type': 'eq', 'fun': constraint1},\n",
        "    {'type': 'ineq', 'fun': constraint2, 'args': (x0,)},\n",
        "    {'type': 'ineq', 'fun': constraint3, 'args': (x0,)}]\n",
        "\n",
        "    result = minimize(objective, x0, args=(y0, mu, Q, lambda_val, a), method='SLSQP', constraints=constraints, bounds=bounds)\n",
        "\n",
        "    x_optimal = result.x\n",
        "    \n",
        "    return np.round(x_optimal, decimals=5)   "
      ]
    },
    {
      "cell_type": "markdown",
      "metadata": {
        "id": "4qsvsUXtdlfC"
      },
      "source": [
        "#### (3) Risk Parity optimization (with no short selling)"
      ]
    },
    {
      "cell_type": "markdown",
      "metadata": {
        "id": "Stp3hQxsdlfD"
      },
      "source": [
        "\\begin{equation}\n",
        "\\begin{array}{rl}\n",
        "\\displaystyle \\min_{x,θ} & \\ ∑ (xi(Qx)i - θ)^2  \\\\\n",
        "{\\rm s.t.} & \\ 1^Tx = 1\\\\\n",
        "& x \\geq 0\n",
        "\\end{array}\n",
        "\\end{equation}"
      ]
    },
    {
      "cell_type": "code",
      "execution_count": 16,
      "metadata": {
        "id": "hMah1BoPdlfE"
      },
      "outputs": [],
      "source": [
        "# Define the objective function\n",
        "def RPM (Q): \n",
        "    def objective(x, Q):\n",
        "        θ = np.mean(x * (Q @ x))\n",
        "        return np.sum((x * (Q @ x) - θ)**2)\n",
        "\n",
        "\n",
        "    def constraint(x):\n",
        "        return np.sum(x) - 1\n",
        "\n",
        "\n",
        "    def inequality_constraint(x):\n",
        "        return x\n",
        "\n",
        "\n",
        "    n = Q.shape[0]  \n",
        "    x0 = np.ones(n) / n\n",
        "\n",
        "# short selling is not allowed\n",
        "    bounds = [(0, None)] * n\n",
        "\n",
        "    constraints = [{'type': 'eq', 'fun': constraint},\n",
        "               {'type': 'ineq', 'fun': inequality_constraint}]\n",
        "\n",
        "\n",
        "    result = minimize(objective, x0, args=(Q,), method='SLSQP', constraints=constraints, bounds=bounds)\n",
        "\n",
        "    x_optimal = result.x\n",
        "    θ_optimal = np.mean(x_optimal * (Q @ x_optimal))\n",
        "\n",
        "    return np.round(x_optimal, decimals=5)    "
      ]
    },
    {
      "cell_type": "markdown",
      "metadata": {
        "id": "ISO8V7cRdlfG"
      },
      "source": [
        "#### (4)Market Portfolio"
      ]
    },
    {
      "cell_type": "code",
      "execution_count": 17,
      "metadata": {
        "id": "H6esgerLdlfG"
      },
      "outputs": [],
      "source": [
        "# import Market capitalizations of each stock to calculate market wights, market variance and market return \n",
        "market_capitalizations = {'AAPL': 2620000000000,'C': 86825000000,'CAT': 109362000000,'DIS': 161332000000,\n",
        "    'ED': 32121000000,'F': 48369000000,'IBM': 117038000000,'JNJ': 401114000000,'JPM': 400178000000,\n",
        "    'KO': 260599000000,'MCD': 208836000000,'MRO': 14365000000,'NEM': 32330000000,'PEP': 252916000000,\n",
        "    'PFE': 212264000000,'T': 110810000000,'VZ': 147140000000,'WFC': 154704000000,'WMT': 394946000000,\n",
        "    'XOM': 424392000000}\n",
        "\n",
        "\n",
        "    \n",
        "def Market_portfolio (market_capitalizations,Q,mu):\n",
        "    total_market_cap = sum(market_capitalizations.values())\n",
        "    weights = np.array([cap / total_market_cap for cap in market_capitalizations.values()])\n",
        "    wmkt= weights.tolist()\n",
        "    marketVariance =np.dot(wmkt, np.dot(Q, wmkt))\n",
        "    marketReturn = np.dot(mu, wmkt)\n",
        "    return wmkt,marketVariance,marketReturn"
      ]
    },
    {
      "cell_type": "markdown",
      "metadata": {
        "id": "hcbgmyBPdlfI"
      },
      "source": [
        "#### Part One: December 2007 to June 2011"
      ]
    },
    {
      "cell_type": "code",
      "execution_count": 18,
      "metadata": {
        "id": "UgplYnGcdlfI"
      },
      "outputs": [],
      "source": [
        "start_date = \"2007-12-31\"\n",
        "end_date = \"2011-06-30\"\n",
        "data_1 = data(tickers,start_date,end_date)\n",
        "riskfreerate_1 = risk_free_rate(riskfreerate_tickers,start_date,end_date)"
      ]
    },
    {
      "cell_type": "code",
      "execution_count": 19,
      "metadata": {
        "id": "bH0TD95hdlfJ",
        "colab": {
          "base_uri": "https://localhost:8080/",
          "height": 291
        },
        "outputId": "a9f64997-205f-40c2-d154-c2c55fff73ef"
      },
      "outputs": [
        {
          "output_type": "execute_result",
          "data": {
            "text/plain": [
              "                 AAPL          C       CAT       DIS         ED          F  \\\n",
              "Date                                                                         \n",
              "2008-01-31 -31.663958  -3.202867 -1.612617 -7.558878 -10.808566  -1.337291   \n",
              "2008-02-29  -7.638903 -15.832425  1.887582  8.612618  -4.867880  -1.656612   \n",
              "2008-03-31  14.781597  -9.658361  8.240026 -3.178033  -2.910217 -12.404298   \n",
              "\n",
              "                 IBM       JNJ        JPM        KO       MCD        MRO  \\\n",
              "Date                                                                       \n",
              "2008-01-31 -0.915741 -5.337312   9.544680 -3.861802 -9.047676 -22.658557   \n",
              "2008-02-29  6.708302 -1.218009 -14.240514 -0.915255  1.678242  13.475138   \n",
              "2008-03-31  1.124223  4.696622   5.658060  4.792089  3.067877 -14.221246   \n",
              "\n",
              "                  NEM        PEP       PFE         T         VZ        WFC  \\\n",
              "Date                                                                         \n",
              "2008-01-31  11.099781 -10.342520  2.771697 -6.187737 -10.233393  12.885028   \n",
              "2008-02-29  -5.677459   2.218929 -3.275229 -9.508974  -6.464074 -13.349638   \n",
              "2008-03-31 -11.294861   4.353992 -6.059255  9.962668   0.357900  -0.444750   \n",
              "\n",
              "                 WMT       XOM  \n",
              "Date                            \n",
              "2008-01-31  6.753634 -8.528106  \n",
              "2008-02-29 -2.266440  1.966799  \n",
              "2008-03-31  6.736623 -2.792808  "
            ],
            "text/html": [
              "\n",
              "  <div id=\"df-1ef934aa-358c-42a6-8b65-a78538ec709e\">\n",
              "    <div class=\"colab-df-container\">\n",
              "      <div>\n",
              "<style scoped>\n",
              "    .dataframe tbody tr th:only-of-type {\n",
              "        vertical-align: middle;\n",
              "    }\n",
              "\n",
              "    .dataframe tbody tr th {\n",
              "        vertical-align: top;\n",
              "    }\n",
              "\n",
              "    .dataframe thead th {\n",
              "        text-align: right;\n",
              "    }\n",
              "</style>\n",
              "<table border=\"1\" class=\"dataframe\">\n",
              "  <thead>\n",
              "    <tr style=\"text-align: right;\">\n",
              "      <th></th>\n",
              "      <th>AAPL</th>\n",
              "      <th>C</th>\n",
              "      <th>CAT</th>\n",
              "      <th>DIS</th>\n",
              "      <th>ED</th>\n",
              "      <th>F</th>\n",
              "      <th>IBM</th>\n",
              "      <th>JNJ</th>\n",
              "      <th>JPM</th>\n",
              "      <th>KO</th>\n",
              "      <th>MCD</th>\n",
              "      <th>MRO</th>\n",
              "      <th>NEM</th>\n",
              "      <th>PEP</th>\n",
              "      <th>PFE</th>\n",
              "      <th>T</th>\n",
              "      <th>VZ</th>\n",
              "      <th>WFC</th>\n",
              "      <th>WMT</th>\n",
              "      <th>XOM</th>\n",
              "    </tr>\n",
              "    <tr>\n",
              "      <th>Date</th>\n",
              "      <th></th>\n",
              "      <th></th>\n",
              "      <th></th>\n",
              "      <th></th>\n",
              "      <th></th>\n",
              "      <th></th>\n",
              "      <th></th>\n",
              "      <th></th>\n",
              "      <th></th>\n",
              "      <th></th>\n",
              "      <th></th>\n",
              "      <th></th>\n",
              "      <th></th>\n",
              "      <th></th>\n",
              "      <th></th>\n",
              "      <th></th>\n",
              "      <th></th>\n",
              "      <th></th>\n",
              "      <th></th>\n",
              "      <th></th>\n",
              "    </tr>\n",
              "  </thead>\n",
              "  <tbody>\n",
              "    <tr>\n",
              "      <th>2008-01-31</th>\n",
              "      <td>-31.663958</td>\n",
              "      <td>-3.202867</td>\n",
              "      <td>-1.612617</td>\n",
              "      <td>-7.558878</td>\n",
              "      <td>-10.808566</td>\n",
              "      <td>-1.337291</td>\n",
              "      <td>-0.915741</td>\n",
              "      <td>-5.337312</td>\n",
              "      <td>9.544680</td>\n",
              "      <td>-3.861802</td>\n",
              "      <td>-9.047676</td>\n",
              "      <td>-22.658557</td>\n",
              "      <td>11.099781</td>\n",
              "      <td>-10.342520</td>\n",
              "      <td>2.771697</td>\n",
              "      <td>-6.187737</td>\n",
              "      <td>-10.233393</td>\n",
              "      <td>12.885028</td>\n",
              "      <td>6.753634</td>\n",
              "      <td>-8.528106</td>\n",
              "    </tr>\n",
              "    <tr>\n",
              "      <th>2008-02-29</th>\n",
              "      <td>-7.638903</td>\n",
              "      <td>-15.832425</td>\n",
              "      <td>1.887582</td>\n",
              "      <td>8.612618</td>\n",
              "      <td>-4.867880</td>\n",
              "      <td>-1.656612</td>\n",
              "      <td>6.708302</td>\n",
              "      <td>-1.218009</td>\n",
              "      <td>-14.240514</td>\n",
              "      <td>-0.915255</td>\n",
              "      <td>1.678242</td>\n",
              "      <td>13.475138</td>\n",
              "      <td>-5.677459</td>\n",
              "      <td>2.218929</td>\n",
              "      <td>-3.275229</td>\n",
              "      <td>-9.508974</td>\n",
              "      <td>-6.464074</td>\n",
              "      <td>-13.349638</td>\n",
              "      <td>-2.266440</td>\n",
              "      <td>1.966799</td>\n",
              "    </tr>\n",
              "    <tr>\n",
              "      <th>2008-03-31</th>\n",
              "      <td>14.781597</td>\n",
              "      <td>-9.658361</td>\n",
              "      <td>8.240026</td>\n",
              "      <td>-3.178033</td>\n",
              "      <td>-2.910217</td>\n",
              "      <td>-12.404298</td>\n",
              "      <td>1.124223</td>\n",
              "      <td>4.696622</td>\n",
              "      <td>5.658060</td>\n",
              "      <td>4.792089</td>\n",
              "      <td>3.067877</td>\n",
              "      <td>-14.221246</td>\n",
              "      <td>-11.294861</td>\n",
              "      <td>4.353992</td>\n",
              "      <td>-6.059255</td>\n",
              "      <td>9.962668</td>\n",
              "      <td>0.357900</td>\n",
              "      <td>-0.444750</td>\n",
              "      <td>6.736623</td>\n",
              "      <td>-2.792808</td>\n",
              "    </tr>\n",
              "  </tbody>\n",
              "</table>\n",
              "</div>\n",
              "      <button class=\"colab-df-convert\" onclick=\"convertToInteractive('df-1ef934aa-358c-42a6-8b65-a78538ec709e')\"\n",
              "              title=\"Convert this dataframe to an interactive table.\"\n",
              "              style=\"display:none;\">\n",
              "        \n",
              "  <svg xmlns=\"http://www.w3.org/2000/svg\" height=\"24px\"viewBox=\"0 0 24 24\"\n",
              "       width=\"24px\">\n",
              "    <path d=\"M0 0h24v24H0V0z\" fill=\"none\"/>\n",
              "    <path d=\"M18.56 5.44l.94 2.06.94-2.06 2.06-.94-2.06-.94-.94-2.06-.94 2.06-2.06.94zm-11 1L8.5 8.5l.94-2.06 2.06-.94-2.06-.94L8.5 2.5l-.94 2.06-2.06.94zm10 10l.94 2.06.94-2.06 2.06-.94-2.06-.94-.94-2.06-.94 2.06-2.06.94z\"/><path d=\"M17.41 7.96l-1.37-1.37c-.4-.4-.92-.59-1.43-.59-.52 0-1.04.2-1.43.59L10.3 9.45l-7.72 7.72c-.78.78-.78 2.05 0 2.83L4 21.41c.39.39.9.59 1.41.59.51 0 1.02-.2 1.41-.59l7.78-7.78 2.81-2.81c.8-.78.8-2.07 0-2.86zM5.41 20L4 18.59l7.72-7.72 1.47 1.35L5.41 20z\"/>\n",
              "  </svg>\n",
              "      </button>\n",
              "      \n",
              "  <style>\n",
              "    .colab-df-container {\n",
              "      display:flex;\n",
              "      flex-wrap:wrap;\n",
              "      gap: 12px;\n",
              "    }\n",
              "\n",
              "    .colab-df-convert {\n",
              "      background-color: #E8F0FE;\n",
              "      border: none;\n",
              "      border-radius: 50%;\n",
              "      cursor: pointer;\n",
              "      display: none;\n",
              "      fill: #1967D2;\n",
              "      height: 32px;\n",
              "      padding: 0 0 0 0;\n",
              "      width: 32px;\n",
              "    }\n",
              "\n",
              "    .colab-df-convert:hover {\n",
              "      background-color: #E2EBFA;\n",
              "      box-shadow: 0px 1px 2px rgba(60, 64, 67, 0.3), 0px 1px 3px 1px rgba(60, 64, 67, 0.15);\n",
              "      fill: #174EA6;\n",
              "    }\n",
              "\n",
              "    [theme=dark] .colab-df-convert {\n",
              "      background-color: #3B4455;\n",
              "      fill: #D2E3FC;\n",
              "    }\n",
              "\n",
              "    [theme=dark] .colab-df-convert:hover {\n",
              "      background-color: #434B5C;\n",
              "      box-shadow: 0px 1px 3px 1px rgba(0, 0, 0, 0.15);\n",
              "      filter: drop-shadow(0px 1px 2px rgba(0, 0, 0, 0.3));\n",
              "      fill: #FFFFFF;\n",
              "    }\n",
              "  </style>\n",
              "\n",
              "      <script>\n",
              "        const buttonEl =\n",
              "          document.querySelector('#df-1ef934aa-358c-42a6-8b65-a78538ec709e button.colab-df-convert');\n",
              "        buttonEl.style.display =\n",
              "          google.colab.kernel.accessAllowed ? 'block' : 'none';\n",
              "\n",
              "        async function convertToInteractive(key) {\n",
              "          const element = document.querySelector('#df-1ef934aa-358c-42a6-8b65-a78538ec709e');\n",
              "          const dataTable =\n",
              "            await google.colab.kernel.invokeFunction('convertToInteractive',\n",
              "                                                     [key], {});\n",
              "          if (!dataTable) return;\n",
              "\n",
              "          const docLinkHtml = 'Like what you see? Visit the ' +\n",
              "            '<a target=\"_blank\" href=https://colab.research.google.com/notebooks/data_table.ipynb>data table notebook</a>'\n",
              "            + ' to learn more about interactive tables.';\n",
              "          element.innerHTML = '';\n",
              "          dataTable['output_type'] = 'display_data';\n",
              "          await google.colab.output.renderOutput(dataTable, element);\n",
              "          const docLink = document.createElement('div');\n",
              "          docLink.innerHTML = docLinkHtml;\n",
              "          element.appendChild(docLink);\n",
              "        }\n",
              "      </script>\n",
              "    </div>\n",
              "  </div>\n",
              "  "
            ]
          },
          "metadata": {},
          "execution_count": 19
        }
      ],
      "source": [
        "data_1[3].head(3)"
      ]
    },
    {
      "cell_type": "code",
      "execution_count": 20,
      "metadata": {
        "id": "hx4ojOYjdlfK",
        "colab": {
          "base_uri": "https://localhost:8080/",
          "height": 741
        },
        "outputId": "9344c5e0-b934-42c1-886e-3a6470e77043"
      },
      "outputs": [
        {
          "output_type": "execute_result",
          "data": {
            "text/plain": [
              "            AAPL           C         CAT         DIS         ED           F  \\\n",
              "AAPL  130.214171   87.282077   74.747880   53.693461  19.853999  105.236429   \n",
              "C      87.282077  516.045866  153.749619  112.215010  41.951477  228.146784   \n",
              "CAT    74.747880  153.749619  175.588344   76.314827   7.261453  209.244374   \n",
              "DIS    53.693461  112.215010   76.314827   68.556818  13.422438  114.986339   \n",
              "ED     19.853999   41.951477    7.261453   13.422438  20.625014    4.721024   \n",
              "F     105.236429  228.146784  209.244374  114.986339   4.721024  695.413885   \n",
              "IBM    33.930029   43.920478   41.509061   28.559585   6.604068   63.413177   \n",
              "JNJ    24.880268   56.036638   34.722521   24.483399  11.358046   32.546477   \n",
              "JPM    29.499789  188.639377   73.464467   50.029021  12.238320  159.178895   \n",
              "KO     17.721222   51.785420   42.991065   22.233261   7.980506   48.556626   \n",
              "MCD    15.840158   49.507335   21.477018   18.997401   8.465727   16.008722   \n",
              "MRO    57.122260   86.749138   74.005279   56.558865  11.418469   86.717115   \n",
              "NEM    -3.126627    6.901736   46.691872   11.197038  -9.811357   10.363660   \n",
              "PEP    17.439234   52.980815   38.131537   19.810588   9.785833   38.561106   \n",
              "PFE     9.284099   89.868387   41.430444   27.906877   9.968126   21.604432   \n",
              "T      39.377842   36.174238   51.330211   20.368245  10.643981   50.374178   \n",
              "VZ     33.098259   32.218166   49.241285   20.526699  12.157845   57.380851   \n",
              "WFC    20.351358  251.895120   94.792605   69.905680   8.300505  194.661706   \n",
              "WMT     6.543524   45.416776   28.257095    7.697209   2.226830   40.613897   \n",
              "XOM    20.671210   32.355364   33.328802   21.009075   6.930957   32.295862   \n",
              "\n",
              "            IBM        JNJ         JPM         KO        MCD        MRO  \\\n",
              "AAPL  33.930029  24.880268   29.499789  17.721222  15.840158  57.122260   \n",
              "C     43.920478  56.036638  188.639377  51.785420  49.507335  86.749138   \n",
              "CAT   41.509061  34.722521   73.464467  42.991065  21.477018  74.005279   \n",
              "DIS   28.559585  24.483399   50.029021  22.233261  18.997401  56.558865   \n",
              "ED     6.604068  11.358046   12.238320   7.980506   8.465727  11.418469   \n",
              "F     63.413177  32.546477  159.178895  48.556626  16.008722  86.717115   \n",
              "IBM   37.377855  15.632171   30.465069  11.943671   4.647925  40.973286   \n",
              "JNJ   15.632171  24.469425   23.121180  15.212249  14.268309  19.518470   \n",
              "JPM   30.465069  23.121180  125.538703  21.815808  12.378872  26.050567   \n",
              "KO    11.943671  15.212249   21.815808  32.267190  14.928231  20.917052   \n",
              "MCD    4.647925  14.268309   12.378872  14.928231  21.397412  12.743661   \n",
              "MRO   40.973286  19.518470   26.050567  20.917052  12.743661  99.459200   \n",
              "NEM   10.320129  14.026607  -16.506954  26.936675  16.664793  24.147119   \n",
              "PEP   14.460108  17.239161   21.744747  22.165254  13.691981  23.363645   \n",
              "PFE   10.193689  18.523020   37.987372  18.455540  16.816498  23.603075   \n",
              "T      6.861102  12.823438   15.372184  18.529230  10.767070  12.743895   \n",
              "VZ     9.239418  13.122017   15.806805  17.713763  10.294067  23.562718   \n",
              "WFC   18.633004  28.985789  137.669987  30.287637  26.043309  37.338454   \n",
              "WMT    8.164920   9.387267   26.539362   9.914536   7.479786   2.678274   \n",
              "XOM    6.526037   9.942886    7.163724  12.826116  11.838878  26.524932   \n",
              "\n",
              "             NEM        PEP        PFE          T         VZ         WFC  \\\n",
              "AAPL   -3.126627  17.439234   9.284099  39.377842  33.098259   20.351358   \n",
              "C       6.901736  52.980815  89.868387  36.174238  32.218166  251.895120   \n",
              "CAT    46.691872  38.131537  41.430444  51.330211  49.241285   94.792605   \n",
              "DIS    11.197038  19.810588  27.906877  20.368245  20.526699   69.905680   \n",
              "ED     -9.811357   9.785833   9.968126  10.643981  12.157845    8.300505   \n",
              "F      10.363660  38.561106  21.604432  50.374178  57.380851  194.661706   \n",
              "IBM    10.320129  14.460108  10.193689   6.861102   9.239418   18.633004   \n",
              "JNJ    14.026607  17.239161  18.523020  12.823438  13.122017   28.985789   \n",
              "JPM   -16.506954  21.744747  37.987372  15.372184  15.806805  137.669987   \n",
              "KO     26.936675  22.165254  18.455540  18.529230  17.713763   30.287637   \n",
              "MCD    16.664793  13.691981  16.816498  10.767070  10.294067   26.043309   \n",
              "MRO    24.147119  23.363645  23.603075  12.743895  23.562718   37.338454   \n",
              "NEM   140.248744  12.667913  13.680334  10.272330  12.009535  -14.285639   \n",
              "PEP    12.667913  28.224872  15.095018  12.178964  13.675771   25.920315   \n",
              "PFE    13.680334  15.095018  44.799511  16.792113  16.552398   58.159000   \n",
              "T      10.272330  12.178964  16.792113  37.458093  29.389909   14.534961   \n",
              "VZ     12.009535  13.675771  16.552398  29.389909  36.295584   15.442645   \n",
              "WFC   -14.285639  25.920315  58.159000  14.534961  15.442645  215.108113   \n",
              "WMT     9.460068  10.965300  14.256622  11.279687  11.919099   25.564150   \n",
              "XOM    15.083952   8.404608  11.789461  10.762869  16.882593   13.414805   \n",
              "\n",
              "            WMT        XOM  \n",
              "AAPL   6.543524  20.671210  \n",
              "C     45.416776  32.355364  \n",
              "CAT   28.257095  33.328802  \n",
              "DIS    7.697209  21.009075  \n",
              "ED     2.226830   6.930957  \n",
              "F     40.613897  32.295862  \n",
              "IBM    8.164920   6.526037  \n",
              "JNJ    9.387267   9.942886  \n",
              "JPM   26.539362   7.163724  \n",
              "KO     9.914536  12.826116  \n",
              "MCD    7.479786  11.838878  \n",
              "MRO    2.678274  26.524932  \n",
              "NEM    9.460068  15.083952  \n",
              "PEP   10.965300   8.404608  \n",
              "PFE   14.256622  11.789461  \n",
              "T     11.279687  10.762869  \n",
              "VZ    11.919099  16.882593  \n",
              "WFC   25.564150  13.414805  \n",
              "WMT   24.738695   7.257487  \n",
              "XOM    7.257487  29.823277  "
            ],
            "text/html": [
              "\n",
              "  <div id=\"df-30fdbfa8-2b7e-4a87-b1d3-7e9c7525c413\">\n",
              "    <div class=\"colab-df-container\">\n",
              "      <div>\n",
              "<style scoped>\n",
              "    .dataframe tbody tr th:only-of-type {\n",
              "        vertical-align: middle;\n",
              "    }\n",
              "\n",
              "    .dataframe tbody tr th {\n",
              "        vertical-align: top;\n",
              "    }\n",
              "\n",
              "    .dataframe thead th {\n",
              "        text-align: right;\n",
              "    }\n",
              "</style>\n",
              "<table border=\"1\" class=\"dataframe\">\n",
              "  <thead>\n",
              "    <tr style=\"text-align: right;\">\n",
              "      <th></th>\n",
              "      <th>AAPL</th>\n",
              "      <th>C</th>\n",
              "      <th>CAT</th>\n",
              "      <th>DIS</th>\n",
              "      <th>ED</th>\n",
              "      <th>F</th>\n",
              "      <th>IBM</th>\n",
              "      <th>JNJ</th>\n",
              "      <th>JPM</th>\n",
              "      <th>KO</th>\n",
              "      <th>MCD</th>\n",
              "      <th>MRO</th>\n",
              "      <th>NEM</th>\n",
              "      <th>PEP</th>\n",
              "      <th>PFE</th>\n",
              "      <th>T</th>\n",
              "      <th>VZ</th>\n",
              "      <th>WFC</th>\n",
              "      <th>WMT</th>\n",
              "      <th>XOM</th>\n",
              "    </tr>\n",
              "  </thead>\n",
              "  <tbody>\n",
              "    <tr>\n",
              "      <th>AAPL</th>\n",
              "      <td>130.214171</td>\n",
              "      <td>87.282077</td>\n",
              "      <td>74.747880</td>\n",
              "      <td>53.693461</td>\n",
              "      <td>19.853999</td>\n",
              "      <td>105.236429</td>\n",
              "      <td>33.930029</td>\n",
              "      <td>24.880268</td>\n",
              "      <td>29.499789</td>\n",
              "      <td>17.721222</td>\n",
              "      <td>15.840158</td>\n",
              "      <td>57.122260</td>\n",
              "      <td>-3.126627</td>\n",
              "      <td>17.439234</td>\n",
              "      <td>9.284099</td>\n",
              "      <td>39.377842</td>\n",
              "      <td>33.098259</td>\n",
              "      <td>20.351358</td>\n",
              "      <td>6.543524</td>\n",
              "      <td>20.671210</td>\n",
              "    </tr>\n",
              "    <tr>\n",
              "      <th>C</th>\n",
              "      <td>87.282077</td>\n",
              "      <td>516.045866</td>\n",
              "      <td>153.749619</td>\n",
              "      <td>112.215010</td>\n",
              "      <td>41.951477</td>\n",
              "      <td>228.146784</td>\n",
              "      <td>43.920478</td>\n",
              "      <td>56.036638</td>\n",
              "      <td>188.639377</td>\n",
              "      <td>51.785420</td>\n",
              "      <td>49.507335</td>\n",
              "      <td>86.749138</td>\n",
              "      <td>6.901736</td>\n",
              "      <td>52.980815</td>\n",
              "      <td>89.868387</td>\n",
              "      <td>36.174238</td>\n",
              "      <td>32.218166</td>\n",
              "      <td>251.895120</td>\n",
              "      <td>45.416776</td>\n",
              "      <td>32.355364</td>\n",
              "    </tr>\n",
              "    <tr>\n",
              "      <th>CAT</th>\n",
              "      <td>74.747880</td>\n",
              "      <td>153.749619</td>\n",
              "      <td>175.588344</td>\n",
              "      <td>76.314827</td>\n",
              "      <td>7.261453</td>\n",
              "      <td>209.244374</td>\n",
              "      <td>41.509061</td>\n",
              "      <td>34.722521</td>\n",
              "      <td>73.464467</td>\n",
              "      <td>42.991065</td>\n",
              "      <td>21.477018</td>\n",
              "      <td>74.005279</td>\n",
              "      <td>46.691872</td>\n",
              "      <td>38.131537</td>\n",
              "      <td>41.430444</td>\n",
              "      <td>51.330211</td>\n",
              "      <td>49.241285</td>\n",
              "      <td>94.792605</td>\n",
              "      <td>28.257095</td>\n",
              "      <td>33.328802</td>\n",
              "    </tr>\n",
              "    <tr>\n",
              "      <th>DIS</th>\n",
              "      <td>53.693461</td>\n",
              "      <td>112.215010</td>\n",
              "      <td>76.314827</td>\n",
              "      <td>68.556818</td>\n",
              "      <td>13.422438</td>\n",
              "      <td>114.986339</td>\n",
              "      <td>28.559585</td>\n",
              "      <td>24.483399</td>\n",
              "      <td>50.029021</td>\n",
              "      <td>22.233261</td>\n",
              "      <td>18.997401</td>\n",
              "      <td>56.558865</td>\n",
              "      <td>11.197038</td>\n",
              "      <td>19.810588</td>\n",
              "      <td>27.906877</td>\n",
              "      <td>20.368245</td>\n",
              "      <td>20.526699</td>\n",
              "      <td>69.905680</td>\n",
              "      <td>7.697209</td>\n",
              "      <td>21.009075</td>\n",
              "    </tr>\n",
              "    <tr>\n",
              "      <th>ED</th>\n",
              "      <td>19.853999</td>\n",
              "      <td>41.951477</td>\n",
              "      <td>7.261453</td>\n",
              "      <td>13.422438</td>\n",
              "      <td>20.625014</td>\n",
              "      <td>4.721024</td>\n",
              "      <td>6.604068</td>\n",
              "      <td>11.358046</td>\n",
              "      <td>12.238320</td>\n",
              "      <td>7.980506</td>\n",
              "      <td>8.465727</td>\n",
              "      <td>11.418469</td>\n",
              "      <td>-9.811357</td>\n",
              "      <td>9.785833</td>\n",
              "      <td>9.968126</td>\n",
              "      <td>10.643981</td>\n",
              "      <td>12.157845</td>\n",
              "      <td>8.300505</td>\n",
              "      <td>2.226830</td>\n",
              "      <td>6.930957</td>\n",
              "    </tr>\n",
              "    <tr>\n",
              "      <th>F</th>\n",
              "      <td>105.236429</td>\n",
              "      <td>228.146784</td>\n",
              "      <td>209.244374</td>\n",
              "      <td>114.986339</td>\n",
              "      <td>4.721024</td>\n",
              "      <td>695.413885</td>\n",
              "      <td>63.413177</td>\n",
              "      <td>32.546477</td>\n",
              "      <td>159.178895</td>\n",
              "      <td>48.556626</td>\n",
              "      <td>16.008722</td>\n",
              "      <td>86.717115</td>\n",
              "      <td>10.363660</td>\n",
              "      <td>38.561106</td>\n",
              "      <td>21.604432</td>\n",
              "      <td>50.374178</td>\n",
              "      <td>57.380851</td>\n",
              "      <td>194.661706</td>\n",
              "      <td>40.613897</td>\n",
              "      <td>32.295862</td>\n",
              "    </tr>\n",
              "    <tr>\n",
              "      <th>IBM</th>\n",
              "      <td>33.930029</td>\n",
              "      <td>43.920478</td>\n",
              "      <td>41.509061</td>\n",
              "      <td>28.559585</td>\n",
